# texture sample data
# source texture 4x4, texel(x, y) = y * 4 + x, texel centers at (i+0.5)/n
#
#    0.0  1.0  2.0  3.0
#    4.0  5.0  6.0  7.0
#    8.0  9.0 10.0 11.0
#   12.0 13.0 14.0 15.0

## mode=repeat scale=1x (4x4)
  0.000  1.000  2.000  3.000
  4.000  5.000  6.000  7.000
  8.000  9.000 10.000 11.000
 12.000 13.000 14.000 15.000

## mode=repeat scale=2x (8x8)
  3.750  3.250  3.750  4.250  4.750  5.250  5.750  5.250
  1.750  1.250  1.750  2.250  2.750  3.250  3.750  3.250
  3.750  3.250  3.750  4.250  4.750  5.250  5.750  5.250
  5.750  5.250  5.750  6.250  6.750  7.250  7.750  7.250
  7.750  7.250  7.750  8.250  8.750  9.250  9.750  9.250
  9.750  9.250  9.750 10.250 10.750 11.250 11.750 11.250
 11.750 11.250 11.750 12.250 12.750 13.250 13.750 13.250
  9.750  9.250  9.750 10.250 10.750 11.250 11.750 11.250

## mode=repeat scale=4x (16x16)
  5.625  4.875  4.625  4.875  5.125  5.375  5.625  5.875  6.125  6.375  6.625  6.875  7.125  7.375  7.125  6.375
  2.625  1.875  1.625  1.875  2.125  2.375  2.625  2.875  3.125  3.375  3.625  3.875  4.125  4.375  4.125  3.375
  1.625  0.875  0.625  0.875  1.125  1.375  1.625  1.875  2.125  2.375  2.625  2.875  3.125  3.375  3.125  2.375
  2.625  1.875  1.625  1.875  2.125  2.375  2.625  2.875  3.125  3.375  3.625  3.875  4.125  4.375  4.125  3.375
  3.625  2.875  2.625  2.875  3.125  3.375  3.625  3.875  4.125  4.375  4.625  4.875  5.125  5.375  5.125  4.375
  4.625  3.875  3.625  3.875  4.125  4.375  4.625  4.875  5.125  5.375  5.625  5.875  6.125  6.375  6.125  5.375
  5.625  4.875  4.625  4.875  5.125  5.375  5.625  5.875  6.125  6.375  6.625  6.875  7.125  7.375  7.125  6.375
  6.625  5.875  5.625  5.875  6.125  6.375  6.625  6.875  7.125  7.375  7.625  7.875  8.125  8.375  8.125  7.375
  7.625  6.875  6.625  6.875  7.125  7.375  7.625  7.875  8.125  8.375  8.625  8.875  9.125  9.375  9.125  8.375
  8.625  7.875  7.625  7.875  8.125  8.375  8.625  8.875  9.125  9.375  9.625  9.875 10.125 10.375 10.125  9.375
  9.625  8.875  8.625  8.875  9.125  9.375  9.625  9.875 10.125 10.375 10.625 10.875 11.125 11.375 11.125 10.375
 10.625  9.875  9.625  9.875 10.125 10.375 10.625 10.875 11.125 11.375 11.625 11.875 12.125 12.375 12.125 11.375
 11.625 10.875 10.625 10.875 11.125 11.375 11.625 11.875 12.125 12.375 12.625 12.875 13.125 13.375 13.125 12.375
 12.625 11.875 11.625 11.875 12.125 12.375 12.625 12.875 13.125 13.375 13.625 13.875 14.125 14.375 14.125 13.375
 11.625 10.875 10.625 10.875 11.125 11.375 11.625 11.875 12.125 12.375 12.625 12.875 13.125 13.375 13.125 12.375
  8.625  7.875  7.625  7.875  8.125  8.375  8.625  8.875  9.125  9.375  9.625  9.875 10.125 10.375 10.125  9.375

## mode=repeat scale=8x (32x32)
  6.562  6.188  5.812  5.438  5.312  5.438  5.562  5.688  5.812  5.938  6.062  6.188  6.312  6.438  6.562  6.688  6.812  6.938  7.062  7.188  7.312  7.438  7.562  7.688  7.812  7.938  8.062  8.188  8.062  7.688  7.312  6.938
  5.062  4.688  4.312  3.938  3.812  3.938  4.062  4.188  4.312  4.438  4.562  4.688  4.812  4.938  5.062  5.188  5.312  5.438  5.562  5.688  5.812  5.938  6.062  6.188  6.312  6.438  6.562  6.688  6.562  6.188  5.812  5.438
  3.562  3.188  2.812  2.438  2.312  2.438  2.562  2.688  2.812  2.938  3.062  3.188  3.312  3.438  3.562  3.688  3.812  3.938  4.062  4.188  4.312  4.438  4.562  4.688  4.812  4.938  5.062  5.188  5.062  4.688  4.312  3.938
  2.062  1.688  1.312  0.938  0.812  0.938  1.062  1.188  1.312  1.438  1.562  1.688  1.812  1.938  2.062  2.188  2.312  2.438  2.562  2.688  2.812  2.938  3.062  3.188  3.312  3.438  3.562  3.688  3.562  3.188  2.812  2.438
  1.562  1.188  0.812  0.438  0.312  0.438  0.562  0.688  0.812  0.938  1.062  1.188  1.312  1.438  1.562  1.688  1.812  1.938  2.062  2.188  2.312  2.438  2.562  2.688  2.812  2.938  3.062  3.188  3.062  2.688  2.312  1.938
  2.062  1.688  1.312  0.938  0.812  0.938  1.062  1.188  1.312  1.438  1.562  1.688  1.812  1.938  2.062  2.188  2.312  2.438  2.562  2.688  2.812  2.938  3.062  3.188  3.312  3.438  3.562  3.688  3.562  3.188  2.812  2.438
  2.562  2.188  1.812  1.438  1.312  1.438  1.562  1.688  1.812  1.938  2.062  2.188  2.312  2.438  2.562  2.688  2.812  2.938  3.062  3.188  3.312  3.438  3.562  3.688  3.812  3.938  4.062  4.188  4.062  3.688  3.312  2.938
  3.062  2.688  2.312  1.938  1.812  1.938  2.062  2.188  2.312  2.438  2.562  2.688  2.812  2.938  3.062  3.188  3.312  3.438  3.562  3.688  3.812  3.938  4.062  4.188  4.312  4.438  4.562  4.688  4.562  4.188  3.812  3.438
  3.562  3.188  2.812  2.438  2.312  2.438  2.562  2.688  2.812  2.938  3.062  3.188  3.312  3.438  3.562  3.688  3.812  3.938  4.062  4.188  4.312  4.438  4.562  4.688  4.812  4.938  5.062  5.188  5.062  4.688  4.312  3.938
  4.062  3.688  3.312  2.938  2.812  2.938  3.062  3.188  3.312  3.438  3.562  3.688  3.812  3.938  4.062  4.188  4.312  4.438  4.562  4.688  4.812  4.938  5.062  5.188  5.312  5.438  5.562  5.688  5.562  5.188  4.812  4.438
  4.562  4.188  3.812  3.438  3.312  3.438  3.562  3.688  3.812  3.938  4.062  4.188  4.312  4.438  4.562  4.688  4.812  4.938  5.062  5.188  5.312  5.438  5.562  5.688  5.812  5.938  6.062  6.188  6.062  5.688  5.312  4.938
  5.062  4.688  4.312  3.938  3.812  3.938  4.062  4.188  4.312  4.438  4.562  4.688  4.812  4.938  5.062  5.188  5.312  5.438  5.562  5.688  5.812  5.938  6.062  6.188  6.312  6.438  6.562  6.688  6.562  6.188  5.812  5.438
  5.562  5.188  4.812  4.438  4.312  4.438  4.562  4.688  4.812  4.938  5.062  5.188  5.312  5.438  5.562  5.688  5.812  5.938  6.062  6.188  6.312  6.438  6.562  6.688  6.812  6.938  7.062  7.188  7.062  6.688  6.312  5.938
  6.062  5.688  5.312  4.938  4.812  4.938  5.062  5.188  5.312  5.438  5.562  5.688  5.812  5.938  6.062  6.188  6.312  6.438  6.562  6.688  6.812  6.938  7.062  7.188  7.312  7.438  7.562  7.688  7.562  7.188  6.812  6.438
  6.562  6.188  5.812  5.438  5.312  5.438  5.562  5.688  5.812  5.938  6.062  6.188  6.312  6.438  6.562  6.688  6.812  6.938  7.062  7.188  7.312  7.438  7.562  7.688  7.812  7.938  8.062  8.188  8.062  7.688  7.312  6.938
  7.062  6.688  6.312  5.938  5.812  5.938  6.062  6.188  6.312  6.438  6.562  6.688  6.812  6.938  7.062  7.188  7.312  7.438  7.562  7.688  7.812  7.938  8.062  8.188  8.312  8.438  8.562  8.688  8.562  8.188  7.812  7.438
  7.562  7.188  6.812  6.438  6.312  6.438  6.562  6.688  6.812  6.938  7.062  7.188  7.312  7.438  7.562  7.688  7.812  7.938  8.062  8.188  8.312  8.438  8.562  8.688  8.812  8.938  9.062  9.188  9.062  8.688  8.312  7.938
  8.062  7.688  7.312  6.938  6.812  6.938  7.062  7.188  7.312  7.438  7.562  7.688  7.812  7.938  8.062  8.188  8.312  8.438  8.562  8.688  8.812  8.938  9.062  9.188  9.312  9.438  9.562  9.688  9.562  9.188  8.812  8.438
  8.562  8.188  7.812  7.438  7.312  7.438  7.562  7.688  7.812  7.938  8.062  8.188  8.312  8.438  8.562  8.688  8.812  8.938  9.062  9.188  9.312  9.438  9.562  9.688  9.812  9.938 10.062 10.188 10.062  9.688  9.312  8.938
  9.062  8.688  8.312  7.938  7.812  7.938  8.062  8.188  8.312  8.438  8.562  8.688  8.812  8.938  9.062  9.188  9.312  9.438  9.562  9.688  9.812  9.938 10.062 10.188 10.312 10.438 10.562 10.688 10.562 10.188  9.812  9.438
  9.562  9.188  8.812  8.438  8.312  8.438  8.562  8.688  8.812  8.938  9.062  9.188  9.312  9.438  9.562  9.688  9.812  9.938 10.062 10.188 10.312 10.438 10.562 10.688 10.812 10.938 11.062 11.188 11.062 10.688 10.312  9.938
 10.062  9.688  9.312  8.938  8.812  8.938  9.062  9.188  9.312  9.438  9.562  9.688  9.812  9.938 10.062 10.188 10.312 10.438 10.562 10.688 10.812 10.938 11.062 11.188 11.312 11.438 11.562 11.688 11.562 11.188 10.812 10.438
 10.562 10.188  9.812  9.438  9.312  9.438  9.562  9.688  9.812  9.938 10.062 10.188 10.312 10.438 10.562 10.688 10.812 10.938 11.062 11.188 11.312 11.438 11.562 11.688 11.812 11.938 12.062 12.188 12.062 11.688 11.312 10.938
 11.062 10.688 10.312  9.938  9.812  9.938 10.062 10.188 10.312 10.438 10.562 10.688 10.812 10.938 11.062 11.188 11.312 11.438 11.562 11.688 11.812 11.938 12.062 12.188 12.312 12.438 12.562 12.688 12.562 12.188 11.812 11.438
 11.562 11.188 10.812 10.438 10.312 10.438 10.562 10.688 10.812 10.938 11.062 11.188 11.312 11.438 11.562 11.688 11.812 11.938 12.062 12.188 12.312 12.438 12.562 12.688 12.812 12.938 13.062 13.188 13.062 12.688 12.312 11.938
 12.062 11.688 11.312 10.938 10.812 10.938 11.062 11.188 11.312 11.438 11.562 11.688 11.812 11.938 12.062 12.188 12.312 12.438 12.562 12.688 12.812 12.938 13.062 13.188 13.312 13.438 13.562 13.688 13.562 13.188 12.812 12.438
 12.562 12.188 11.812 11.438 11.312 11.438 11.562 11.688 11.812 11.938 12.062 12.188 12.312 12.438 12.562 12.688 12.812 12.938 13.062 13.188 13.312 13.438 13.562 13.688 13.812 13.938 14.062 14.188 14.062 13.688 13.312 12.938
 13.062 12.688 12.312 11.938 11.812 11.938 12.062 12.188 12.312 12.438 12.562 12.688 12.812 12.938 13.062 13.188 13.312 13.438 13.562 13.688 13.812 13.938 14.062 14.188 14.312 14.438 14.562 14.688 14.562 14.188 13.812 13.438
 12.562 12.188 11.812 11.438 11.312 11.438 11.562 11.688 11.812 11.938 12.062 12.188 12.312 12.438 12.562 12.688 12.812 12.938 13.062 13.188 13.312 13.438 13.562 13.688 13.812 13.938 14.062 14.188 14.062 13.688 13.312 12.938
 11.062 10.688 10.312  9.938  9.812  9.938 10.062 10.188 10.312 10.438 10.562 10.688 10.812 10.938 11.062 11.188 11.312 11.438 11.562 11.688 11.812 11.938 12.062 12.188 12.312 12.438 12.562 12.688 12.562 12.188 11.812 11.438
  9.562  9.188  8.812  8.438  8.312  8.438  8.562  8.688  8.812  8.938  9.062  9.188  9.312  9.438  9.562  9.688  9.812  9.938 10.062 10.188 10.312 10.438 10.562 10.688 10.812 10.938 11.062 11.188 11.062 10.688 10.312  9.938
  8.062  7.688  7.312  6.938  6.812  6.938  7.062  7.188  7.312  7.438  7.562  7.688  7.812  7.938  8.062  8.188  8.312  8.438  8.562  8.688  8.812  8.938  9.062  9.188  9.312  9.438  9.562  9.688  9.562  9.188  8.812  8.438

## mode=clamp scale=1x (4x4)
  0.000  1.000  2.000  3.000
  4.000  5.000  6.000  7.000
  8.000  9.000 10.000 11.000
 12.000 13.000 14.000 15.000

## mode=clamp scale=2x (8x8)
  0.000  0.250  0.750  1.250  1.750  2.250  2.750  3.000
  1.000  1.250  1.750  2.250  2.750  3.250  3.750  4.000
  3.000  3.250  3.750  4.250  4.750  5.250  5.750  6.000
  5.000  5.250  5.750  6.250  6.750  7.250  7.750  8.000
  7.000  7.250  7.750  8.250  8.750  9.250  9.750 10.000
  9.000  9.250  9.750 10.250 10.750 11.250 11.750 12.000
 11.000 11.250 11.750 12.250 12.750 13.250 13.750 14.000
 12.000 12.250 12.750 13.250 13.750 14.250 14.750 15.000

## mode=clamp scale=4x (16x16)
  0.000  0.000  0.125  0.375  0.625  0.875  1.125  1.375  1.625  1.875  2.125  2.375  2.625  2.875  3.000  3.000
  0.000  0.000  0.125  0.375  0.625  0.875  1.125  1.375  1.625  1.875  2.125  2.375  2.625  2.875  3.000  3.000
  0.500  0.500  0.625  0.875  1.125  1.375  1.625  1.875  2.125  2.375  2.625  2.875  3.125  3.375  3.500  3.500
  1.500  1.500  1.625  1.875  2.125  2.375  2.625  2.875  3.125  3.375  3.625  3.875  4.125  4.375  4.500  4.500
  2.500  2.500  2.625  2.875  3.125  3.375  3.625  3.875  4.125  4.375  4.625  4.875  5.125  5.375  5.500  5.500
  3.500  3.500  3.625  3.875  4.125  4.375  4.625  4.875  5.125  5.375  5.625  5.875  6.125  6.375  6.500  6.500
  4.500  4.500  4.625  4.875  5.125  5.375  5.625  5.875  6.125  6.375  6.625  6.875  7.125  7.375  7.500  7.500
  5.500  5.500  5.625  5.875  6.125  6.375  6.625  6.875  7.125  7.375  7.625  7.875  8.125  8.375  8.500  8.500
  6.500  6.500  6.625  6.875  7.125  7.375  7.625  7.875  8.125  8.375  8.625  8.875  9.125  9.375  9.500  9.500
  7.500  7.500  7.625  7.875  8.125  8.375  8.625  8.875  9.125  9.375  9.625  9.875 10.125 10.375 10.500 10.500
  8.500  8.500  8.625  8.875  9.125  9.375  9.625  9.875 10.125 10.375 10.625 10.875 11.125 11.375 11.500 11.500
  9.500  9.500  9.625  9.875 10.125 10.375 10.625 10.875 11.125 11.375 11.625 11.875 12.125 12.375 12.500 12.500
 10.500 10.500 10.625 10.875 11.125 11.375 11.625 11.875 12.125 12.375 12.625 12.875 13.125 13.375 13.500 13.500
 11.500 11.500 11.625 11.875 12.125 12.375 12.625 12.875 13.125 13.375 13.625 13.875 14.125 14.375 14.500 14.500
 12.000 12.000 12.125 12.375 12.625 12.875 13.125 13.375 13.625 13.875 14.125 14.375 14.625 14.875 15.000 15.000
 12.000 12.000 12.125 12.375 12.625 12.875 13.125 13.375 13.625 13.875 14.125 14.375 14.625 14.875 15.000 15.000

## mode=clamp scale=8x (32x32)
  0.000  0.000  0.000  0.000  0.062  0.188  0.312  0.438  0.562  0.688  0.812  0.938  1.062  1.188  1.312  1.438  1.562  1.688  1.812  1.938  2.062  2.188  2.312  2.438  2.562  2.688  2.812  2.938  3.000  3.000  3.000  3.000
  0.000  0.000  0.000  0.000  0.062  0.188  0.312  0.438  0.562  0.688  0.812  0.938  1.062  1.188  1.312  1.438  1.562  1.688  1.812  1.938  2.062  2.188  2.312  2.438  2.562  2.688  2.812  2.938  3.000  3.000  3.000  3.000
  0.000  0.000  0.000  0.000  0.062  0.188  0.312  0.438  0.562  0.688  0.812  0.938  1.062  1.188  1.312  1.438  1.562  1.688  1.812  1.938  2.062  2.188  2.312  2.438  2.562  2.688  2.812  2.938  3.000  3.000  3.000  3.000
  0.000  0.000  0.000  0.000  0.062  0.188  0.312  0.438  0.562  0.688  0.812  0.938  1.062  1.188  1.312  1.438  1.562  1.688  1.812  1.938  2.062  2.188  2.312  2.438  2.562  2.688  2.812  2.938  3.000  3.000  3.000  3.000
  0.250  0.250  0.250  0.250  0.312  0.438  0.562  0.688  0.812  0.938  1.062  1.188  1.312  1.438  1.562  1.688  1.812  1.938  2.062  2.188  2.312  2.438  2.562  2.688  2.812  2.938  3.062  3.188  3.250  3.250  3.250  3.250
  0.750  0.750  0.750  0.750  0.812  0.938  1.062  1.188  1.312  1.438  1.562  1.688  1.812  1.938  2.062  2.188  2.312  2.438  2.562  2.688  2.812  2.938  3.062  3.188  3.312  3.438  3.562  3.688  3.750  3.750  3.750  3.750
  1.250  1.250  1.250  1.250  1.312  1.438  1.562  1.688  1.812  1.938  2.062  2.188  2.312  2.438  2.562  2.688  2.812  2.938  3.062  3.188  3.312  3.438  3.562  3.688  3.812  3.938  4.062  4.188  4.250  4.250  4.250  4.250
  1.750  1.750  1.750  1.750  1.812  1.938  2.062  2.188  2.312  2.438  2.562  2.688  2.812  2.938  3.062  3.188  3.312  3.438  3.562  3.688  3.812  3.938  4.062  4.188  4.312  4.438  4.562  4.688  4.750  4.750  4.750  4.750
  2.250  2.250  2.250  2.250  2.312  2.438  2.562  2.688  2.812  2.938  3.062  3.188  3.312  3.438  3.562  3.688  3.812  3.938  4.062  4.188  4.312  4.438  4.562  4.688  4.812  4.938  5.062  5.188  5.250  5.250  5.250  5.250
  2.750  2.750  2.750  2.750  2.812  2.938  3.062  3.188  3.312  3.438  3.562  3.688  3.812  3.938  4.062  4.188  4.312  4.438  4.562  4.688  4.812  4.938  5.062  5.188  5.312  5.438  5.562  5.688  5.750  5.750  5.750  5.750
  3.250  3.250  3.250  3.250  3.312  3.438  3.562  3.688  3.812  3.938  4.062  4.188  4.312  4.438  4.562  4.688  4.812  4.938  5.062  5.188  5.312  5.438  5.562  5.688  5.812  5.938  6.062  6.188  6.250  6.250  6.250  6.250
  3.750  3.750  3.750  3.750  3.812  3.938  4.062  4.188  4.312  4.438  4.562  4.688  4.812  4.938  5.062  5.188  5.312  5.438  5.562  5.688  5.812  5.938  6.062  6.188  6.312  6.438  6.562  6.688  6.750  6.750  6.750  6.750
  4.250  4.250  4.250  4.250  4.312  4.438  4.562  4.688  4.812  4.938  5.062  5.188  5.312  5.438  5.562  5.688  5.812  5.938  6.062  6.188  6.312  6.438  6.562  6.688  6.812  6.938  7.062  7.188  7.250  7.250  7.250  7.250
  4.750  4.750  4.750  4.750  4.812  4.938  5.062  5.188  5.312  5.438  5.562  5.688  5.812  5.938  6.062  6.188  6.312  6.438  6.562  6.688  6.812  6.938  7.062  7.188  7.312  7.438  7.562  7.688  7.750  7.750  7.750  7.750
  5.250  5.250  5.250  5.250  5.312  5.438  5.562  5.688  5.812  5.938  6.062  6.188  6.312  6.438  6.562  6.688  6.812  6.938  7.062  7.188  7.312  7.438  7.562  7.688  7.812  7.938  8.062  8.188  8.250  8.250  8.250  8.250
  5.750  5.750  5.750  5.750  5.812  5.938  6.062  6.188  6.312  6.438  6.562  6.688  6.812  6.938  7.062  7.188  7.312  7.438  7.562  7.688  7.812  7.938  8.062  8.188  8.312  8.438  8.562  8.688  8.750  8.750  8.750  8.750
  6.250  6.250  6.250  6.250  6.312  6.438  6.562  6.688  6.812  6.938  7.062  7.188  7.312  7.438  7.562  7.688  7.812  7.938  8.062  8.188  8.312  8.438  8.562  8.688  8.812  8.938  9.062  9.188  9.250  9.250  9.250  9.250
  6.750  6.750  6.750  6.750  6.812  6.938  7.062  7.188  7.312  7.438  7.562  7.688  7.812  7.938  8.062  8.188  8.312  8.438  8.562  8.688  8.812  8.938  9.062  9.188  9.312  9.438  9.562  9.688  9.750  9.750  9.750  9.750
  7.250  7.250  7.250  7.250  7.312  7.438  7.562  7.688  7.812  7.938  8.062  8.188  8.312  8.438  8.562  8.688  8.812  8.938  9.062  9.188  9.312  9.438  9.562  9.688  9.812  9.938 10.062 10.188 10.250 10.250 10.250 10.250
  7.750  7.750  7.750  7.750  7.812  7.938  8.062  8.188  8.312  8.438  8.562  8.688  8.812  8.938  9.062  9.188  9.312  9.438  9.562  9.688  9.812  9.938 10.062 10.188 10.312 10.438 10.562 10.688 10.750 10.750 10.750 10.750
  8.250  8.250  8.250  8.250  8.312  8.438  8.562  8.688  8.812  8.938  9.062  9.188  9.312  9.438  9.562  9.688  9.812  9.938 10.062 10.188 10.312 10.438 10.562 10.688 10.812 10.938 11.062 11.188 11.250 11.250 11.250 11.250
  8.750  8.750  8.750  8.750  8.812  8.938  9.062  9.188  9.312  9.438  9.562  9.688  9.812  9.938 10.062 10.188 10.312 10.438 10.562 10.688 10.812 10.938 11.062 11.188 11.312 11.438 11.562 11.688 11.750 11.750 11.750 11.750
  9.250  9.250  9.250  9.250  9.312  9.438  9.562  9.688  9.812  9.938 10.062 10.188 10.312 10.438 10.562 10.688 10.812 10.938 11.062 11.188 11.312 11.438 11.562 11.688 11.812 11.938 12.062 12.188 12.250 12.250 12.250 12.250
  9.750  9.750  9.750  9.750  9.812  9.938 10.062 10.188 10.312 10.438 10.562 10.688 10.812 10.938 11.062 11.188 11.312 11.438 11.562 11.688 11.812 11.938 12.062 12.188 12.312 12.438 12.562 12.688 12.750 12.750 12.750 12.750
 10.250 10.250 10.250 10.250 10.312 10.438 10.562 10.688 10.812 10.938 11.062 11.188 11.312 11.438 11.562 11.688 11.812 11.938 12.062 12.188 12.312 12.438 12.562 12.688 12.812 12.938 13.062 13.188 13.250 13.250 13.250 13.250
 10.750 10.750 10.750 10.750 10.812 10.938 11.062 11.188 11.312 11.438 11.562 11.688 11.812 11.938 12.062 12.188 12.312 12.438 12.562 12.688 12.812 12.938 13.062 13.188 13.312 13.438 13.562 13.688 13.750 13.750 13.750 13.750
 11.250 11.250 11.250 11.250 11.312 11.438 11.562 11.688 11.812 11.938 12.062 12.188 12.312 12.438 12.562 12.688 12.812 12.938 13.062 13.188 13.312 13.438 13.562 13.688 13.812 13.938 14.062 14.188 14.250 14.250 14.250 14.250
 11.750 11.750 11.750 11.750 11.812 11.938 12.062 12.188 12.312 12.438 12.562 12.688 12.812 12.938 13.062 13.188 13.312 13.438 13.562 13.688 13.812 13.938 14.062 14.188 14.312 14.438 14.562 14.688 14.750 14.750 14.750 14.750
 12.000 12.000 12.000 12.000 12.062 12.188 12.312 12.438 12.562 12.688 12.812 12.938 13.062 13.188 13.312 13.438 13.562 13.688 13.812 13.938 14.062 14.188 14.312 14.438 14.562 14.688 14.812 14.938 15.000 15.000 15.000 15.000
 12.000 12.000 12.000 12.000 12.062 12.188 12.312 12.438 12.562 12.688 12.812 12.938 13.062 13.188 13.312 13.438 13.562 13.688 13.812 13.938 14.062 14.188 14.312 14.438 14.562 14.688 14.812 14.938 15.000 15.000 15.000 15.000
 12.000 12.000 12.000 12.000 12.062 12.188 12.312 12.438 12.562 12.688 12.812 12.938 13.062 13.188 13.312 13.438 13.562 13.688 13.812 13.938 14.062 14.188 14.312 14.438 14.562 14.688 14.812 14.938 15.000 15.000 15.000 15.000
 12.000 12.000 12.000 12.000 12.062 12.188 12.312 12.438 12.562 12.688 12.812 12.938 13.062 13.188 13.312 13.438 13.562 13.688 13.812 13.938 14.062 14.188 14.312 14.438 14.562 14.688 14.812 14.938 15.000 15.000 15.000 15.000

## mode=mirror scale=1x (4x4)
  0.000  1.000  2.000  3.000
  4.000  5.000  6.000  7.000
  8.000  9.000 10.000 11.000
 12.000 13.000 14.000 15.000

## mode=mirror scale=2x (8x8)
  0.000  0.250  0.750  1.250  1.750  2.250  2.750  3.000
  1.000  1.250  1.750  2.250  2.750  3.250  3.750  4.000
  3.000  3.250  3.750  4.250  4.750  5.250  5.750  6.000
  5.000  5.250  5.750  6.250  6.750  7.250  7.750  8.000
  7.000  7.250  7.750  8.250  8.750  9.250  9.750 10.000
  9.000  9.250  9.750 10.250 10.750 11.250 11.750 12.000
 11.000 11.250 11.750 12.250 12.750 13.250 13.750 14.000
 12.000 12.250 12.750 13.250 13.750 14.250 14.750 15.000

## mode=mirror scale=4x (16x16)
  0.000  0.000  0.125  0.375  0.625  0.875  1.125  1.375  1.625  1.875  2.125  2.375  2.625  2.875  3.000  3.000
  0.000  0.000  0.125  0.375  0.625  0.875  1.125  1.375  1.625  1.875  2.125  2.375  2.625  2.875  3.000  3.000
  0.500  0.500  0.625  0.875  1.125  1.375  1.625  1.875  2.125  2.375  2.625  2.875  3.125  3.375  3.500  3.500
  1.500  1.500  1.625  1.875  2.125  2.375  2.625  2.875  3.125  3.375  3.625  3.875  4.125  4.375  4.500  4.500
  2.500  2.500  2.625  2.875  3.125  3.375  3.625  3.875  4.125  4.375  4.625  4.875  5.125  5.375  5.500  5.500
  3.500  3.500  3.625  3.875  4.125  4.375  4.625  4.875  5.125  5.375  5.625  5.875  6.125  6.375  6.500  6.500
  4.500  4.500  4.625  4.875  5.125  5.375  5.625  5.875  6.125  6.375  6.625  6.875  7.125  7.375  7.500  7.500
  5.500  5.500  5.625  5.875  6.125  6.375  6.625  6.875  7.125  7.375  7.625  7.875  8.125  8.375  8.500  8.500
  6.500  6.500  6.625  6.875  7.125  7.375  7.625  7.875  8.125  8.375  8.625  8.875  9.125  9.375  9.500  9.500
  7.500  7.500  7.625  7.875  8.125  8.375  8.625  8.875  9.125  9.375  9.625  9.875 10.125 10.375 10.500 10.500
  8.500  8.500  8.625  8.875  9.125  9.375  9.625  9.875 10.125 10.375 10.625 10.875 11.125 11.375 11.500 11.500
  9.500  9.500  9.625  9.875 10.125 10.375 10.625 10.875 11.125 11.375 11.625 11.875 12.125 12.375 12.500 12.500
 10.500 10.500 10.625 10.875 11.125 11.375 11.625 11.875 12.125 12.375 12.625 12.875 13.125 13.375 13.500 13.500
 11.500 11.500 11.625 11.875 12.125 12.375 12.625 12.875 13.125 13.375 13.625 13.875 14.125 14.375 14.500 14.500
 12.000 12.000 12.125 12.375 12.625 12.875 13.125 13.375 13.625 13.875 14.125 14.375 14.625 14.875 15.000 15.000
 12.000 12.000 12.125 12.375 12.625 12.875 13.125 13.375 13.625 13.875 14.125 14.375 14.625 14.875 15.000 15.000

## mode=mirror scale=8x (32x32)
  0.000  0.000  0.000  0.000  0.062  0.188  0.312  0.438  0.562  0.688  0.812  0.938  1.062  1.188  1.312  1.438  1.562  1.688  1.812  1.938  2.062  2.188  2.312  2.438  2.562  2.688  2.812  2.938  3.000  3.000  3.000  3.000
  0.000  0.000  0.000  0.000  0.062  0.188  0.312  0.438  0.562  0.688  0.812  0.938  1.062  1.188  1.312  1.438  1.562  1.688  1.812  1.938  2.062  2.188  2.312  2.438  2.562  2.688  2.812  2.938  3.000  3.000  3.000  3.000
  0.000  0.000  0.000  0.000  0.062  0.188  0.312  0.438  0.562  0.688  0.812  0.938  1.062  1.188  1.312  1.438  1.562  1.688  1.812  1.938  2.062  2.188  2.312  2.438  2.562  2.688  2.812  2.938  3.000  3.000  3.000  3.000
  0.000  0.000  0.000  0.000  0.062  0.188  0.312  0.438  0.562  0.688  0.812  0.938  1.062  1.188  1.312  1.438  1.562  1.688  1.812  1.938  2.062  2.188  2.312  2.438  2.562  2.688  2.812  2.938  3.000  3.000  3.000  3.000
  0.250  0.250  0.250  0.250  0.312  0.438  0.562  0.688  0.812  0.938  1.062  1.188  1.312  1.438  1.562  1.688  1.812  1.938  2.062  2.188  2.312  2.438  2.562  2.688  2.812  2.938  3.062  3.188  3.250  3.250  3.250  3.250
  0.750  0.750  0.750  0.750  0.812  0.938  1.062  1.188  1.312  1.438  1.562  1.688  1.812  1.938  2.062  2.188  2.312  2.438  2.562  2.688  2.812  2.938  3.062  3.188  3.312  3.438  3.562  3.688  3.750  3.750  3.750  3.750
  1.250  1.250  1.250  1.250  1.312  1.438  1.562  1.688  1.812  1.938  2.062  2.188  2.312  2.438  2.562  2.688  2.812  2.938  3.062  3.188  3.312  3.438  3.562  3.688  3.812  3.938  4.062  4.188  4.250  4.250  4.250  4.250
  1.750  1.750  1.750  1.750  1.812  1.938  2.062  2.188  2.312  2.438  2.562  2.688  2.812  2.938  3.062  3.188  3.312  3.438  3.562  3.688  3.812  3.938  4.062  4.188  4.312  4.438  4.562  4.688  4.750  4.750  4.750  4.750
  2.250  2.250  2.250  2.250  2.312  2.438  2.562  2.688  2.812  2.938  3.062  3.188  3.312  3.438  3.562  3.688  3.812  3.938  4.062  4.188  4.312  4.438  4.562  4.688  4.812  4.938  5.062  5.188  5.250  5.250  5.250  5.250
  2.750  2.750  2.750  2.750  2.812  2.938  3.062  3.188  3.312  3.438  3.562  3.688  3.812  3.938  4.062  4.188  4.312  4.438  4.562  4.688  4.812  4.938  5.062  5.188  5.312  5.438  5.562  5.688  5.750  5.750  5.750  5.750
  3.250  3.250  3.250  3.250  3.312  3.438  3.562  3.688  3.812  3.938  4.062  4.188  4.312  4.438  4.562  4.688  4.812  4.938  5.062  5.188  5.312  5.438  5.562  5.688  5.812  5.938  6.062  6.188  6.250  6.250  6.250  6.250
  3.750  3.750  3.750  3.750  3.812  3.938  4.062  4.188  4.312  4.438  4.562  4.688  4.812  4.938  5.062  5.188  5.312  5.438  5.562  5.688  5.812  5.938  6.062  6.188  6.312  6.438  6.562  6.688  6.750  6.750  6.750  6.750
  4.250  4.250  4.250  4.250  4.312  4.438  4.562  4.688  4.812  4.938  5.062  5.188  5.312  5.438  5.562  5.688  5.812  5.938  6.062  6.188  6.312  6.438  6.562  6.688  6.812  6.938  7.062  7.188  7.250  7.250  7.250  7.250
  4.750  4.750  4.750  4.750  4.812  4.938  5.062  5.188  5.312  5.438  5.562  5.688  5.812  5.938  6.062  6.188  6.312  6.438  6.562  6.688  6.812  6.938  7.062  7.188  7.312  7.438  7.562  7.688  7.750  7.750  7.750  7.750
  5.250  5.250  5.250  5.250  5.312  5.438  5.562  5.688  5.812  5.938  6.062  6.188  6.312  6.438  6.562  6.688  6.812  6.938  7.062  7.188  7.312  7.438  7.562  7.688  7.812  7.938  8.062  8.188  8.250  8.250  8.250  8.250
  5.750  5.750  5.750  5.750  5.812  5.938  6.062  6.188  6.312  6.438  6.562  6.688  6.812  6.938  7.062  7.188  7.312  7.438  7.562  7.688  7.812  7.938  8.062  8.188  8.312  8.438  8.562  8.688  8.750  8.750  8.750  8.750
  6.250  6.250  6.250  6.250  6.312  6.438  6.562  6.688  6.812  6.938  7.062  7.188  7.312  7.438  7.562  7.688  7.812  7.938  8.062  8.188  8.312  8.438  8.562  8.688  8.812  8.938  9.062  9.188  9.250  9.250  9.250  9.250
  6.750  6.750  6.750  6.750  6.812  6.938  7.062  7.188  7.312  7.438  7.562  7.688  7.812  7.938  8.062  8.188  8.312  8.438  8.562  8.688  8.812  8.938  9.062  9.188  9.312  9.438  9.562  9.688  9.750  9.750  9.750  9.750
  7.250  7.250  7.250  7.250  7.312  7.438  7.562  7.688  7.812  7.938  8.062  8.188  8.312  8.438  8.562  8.688  8.812  8.938  9.062  9.188  9.312  9.438  9.562  9.688  9.812  9.938 10.062 10.188 10.250 10.250 10.250 10.250
  7.750  7.750  7.750  7.750  7.812  7.938  8.062  8.188  8.312  8.438  8.562  8.688  8.812  8.938  9.062  9.188  9.312  9.438  9.562  9.688  9.812  9.938 10.062 10.188 10.312 10.438 10.562 10.688 10.750 10.750 10.750 10.750
  8.250  8.250  8.250  8.250  8.312  8.438  8.562  8.688  8.812  8.938  9.062  9.188  9.312  9.438  9.562  9.688  9.812  9.938 10.062 10.188 10.312 10.438 10.562 10.688 10.812 10.938 11.062 11.188 11.250 11.250 11.250 11.250
  8.750  8.750  8.750  8.750  8.812  8.938  9.062  9.188  9.312  9.438  9.562  9.688  9.812  9.938 10.062 10.188 10.312 10.438 10.562 10.688 10.812 10.938 11.062 11.188 11.312 11.438 11.562 11.688 11.750 11.750 11.750 11.750
  9.250  9.250  9.250  9.250  9.312  9.438  9.562  9.688  9.812  9.938 10.062 10.188 10.312 10.438 10.562 10.688 10.812 10.938 11.062 11.188 11.312 11.438 11.562 11.688 11.812 11.938 12.062 12.188 12.250 12.250 12.250 12.250
  9.750  9.750  9.750  9.750  9.812  9.938 10.062 10.188 10.312 10.438 10.562 10.688 10.812 10.938 11.062 11.188 11.312 11.438 11.562 11.688 11.812 11.938 12.062 12.188 12.312 12.438 12.562 12.688 12.750 12.750 12.750 12.750
 10.250 10.250 10.250 10.250 10.312 10.438 10.562 10.688 10.812 10.938 11.062 11.188 11.312 11.438 11.562 11.688 11.812 11.938 12.062 12.188 12.312 12.438 12.562 12.688 12.812 12.938 13.062 13.188 13.250 13.250 13.250 13.250
 10.750 10.750 10.750 10.750 10.812 10.938 11.062 11.188 11.312 11.438 11.562 11.688 11.812 11.938 12.062 12.188 12.312 12.438 12.562 12.688 12.812 12.938 13.062 13.188 13.312 13.438 13.562 13.688 13.750 13.750 13.750 13.750
 11.250 11.250 11.250 11.250 11.312 11.438 11.562 11.688 11.812 11.938 12.062 12.188 12.312 12.438 12.562 12.688 12.812 12.938 13.062 13.188 13.312 13.438 13.562 13.688 13.812 13.938 14.062 14.188 14.250 14.250 14.250 14.250
 11.750 11.750 11.750 11.750 11.812 11.938 12.062 12.188 12.312 12.438 12.562 12.688 12.812 12.938 13.062 13.188 13.312 13.438 13.562 13.688 13.812 13.938 14.062 14.188 14.312 14.438 14.562 14.688 14.750 14.750 14.750 14.750
 12.000 12.000 12.000 12.000 12.062 12.188 12.312 12.438 12.562 12.688 12.812 12.938 13.062 13.188 13.312 13.438 13.562 13.688 13.812 13.938 14.062 14.188 14.312 14.438 14.562 14.688 14.812 14.938 15.000 15.000 15.000 15.000
 12.000 12.000 12.000 12.000 12.062 12.188 12.312 12.438 12.562 12.688 12.812 12.938 13.062 13.188 13.312 13.438 13.562 13.688 13.812 13.938 14.062 14.188 14.312 14.438 14.562 14.688 14.812 14.938 15.000 15.000 15.000 15.000
 12.000 12.000 12.000 12.000 12.062 12.188 12.312 12.438 12.562 12.688 12.812 12.938 13.062 13.188 13.312 13.438 13.562 13.688 13.812 13.938 14.062 14.188 14.312 14.438 14.562 14.688 14.812 14.938 15.000 15.000 15.000 15.000
 12.000 12.000 12.000 12.000 12.062 12.188 12.312 12.438 12.562 12.688 12.812 12.938 13.062 13.188 13.312 13.438 13.562 13.688 13.812 13.938 14.062 14.188 14.312 14.438 14.562 14.688 14.812 14.938 15.000 15.000 15.000 15.000

## seam scan: v=0.375 (row 1 center), u in [-1.25, 2.25] step 0.125
u         -1.250  -1.125  -1.000  -0.875  -0.750  -0.625  -0.500  -0.375  -0.250  -0.125   0.000   0.125   0.250   0.375   0.500   0.625   0.750   0.875   1.000   1.125   1.250   1.375   1.500   1.625   1.750   1.875   2.000   2.125   2.250
repeat     6.500   7.000   5.500   4.000   4.500   5.000   5.500   6.000   6.500   7.000   5.500   4.000   4.500   5.000   5.500   6.000   6.500   7.000   5.500   4.000   4.500   5.000   5.500   6.000   6.500   7.000   5.500   4.000   4.500
clamp      4.000   4.000   4.000   4.000   4.000   4.000   4.000   4.000   4.000   4.000   4.000   4.000   4.500   5.000   5.500   6.000   6.500   7.000   7.000   7.000   7.000   7.000   7.000   7.000   7.000   7.000   7.000   7.000   7.000
mirror     6.500   7.000   7.000   7.000   6.500   6.000   5.500   5.000   4.500   4.000   4.000   4.000   4.500   5.000   5.500   6.000   6.500   7.000   7.000   7.000   6.500   6.000   5.500   5.000   4.500   4.000   4.000   4.000   4.500
